1.125831299999999935e+01 5.000000000000000000e+00
1.617595999999999989e+01 4.000000000000000000e+00
6.588390999999999664e+00 5.000000000000000000e+00
1.465855019999999911e+02 4.600000000000000000e+01
3.778704900000000322e+01 1.000000000000000000e+01
1.342555739999999957e+02 3.200000000000000000e+01
2.053485540000000071e+02 7.800000000000000000e+01
1.113713920000000002e+02 4.900000000000000000e+01
5.319158300000000139e+01 1.300000000000000000e+01
2.647391519999999900e+02 6.500000000000000000e+01
5.905317099999999897e+01 2.000000000000000000e+01
3.005119569999999953e+02 7.200000000000000000e+01
1.527810969999999884e+02 2.800000000000000000e+01
1.406682509999999979e+02 6.200000000000000000e+01
4.821293959999999856e+02 1.680000000000000000e+02
5.175190700000000277e+01 8.000000000000000000e+00
8.385196100000000285e+01 3.800000000000000000e+01
1.181276490000000052e+02 3.800000000000000000e+01
3.416945810000000279e+02 1.400000000000000000e+02
5.526976570000000493e+02 1.400000000000000000e+02
2.055172999999999917e+01 1.100000000000000000e+01
8.539788500000000226e+01 3.300000000000000000e+01
3.882109999999999950e+00 3.000000000000000000e+00
1.044066909999999950e+02 3.100000000000000000e+01
3.255162329999999997e+02 1.400000000000000000e+02
2.560227140000000077e+02 8.300000000000000000e+01
7.817794700000000319e+01 2.500000000000000000e+01
2.876283809999999903e+02 1.030000000000000000e+02
3.330533299999999741e+01 6.000000000000000000e+00
2.410579800000000006e+01 8.000000000000000000e+00
1.571176319999999862e+02 3.900000000000000000e+01
1.144179170000000028e+02 2.300000000000000000e+01
1.622800139999999942e+02 6.900000000000000000e+01
4.476871100000000325e+01 1.300000000000000000e+01
2.762331599999999909e+01 4.000000000000000000e+00
3.117320280000000139e+02 1.140000000000000000e+02
6.151310800000000256e+01 1.900000000000000000e+01
1.013583469999999949e+02 4.300000000000000000e+01
1.441043239999999912e+02 3.000000000000000000e+00
1.351428620000000080e+02 2.400000000000000000e+01
2.195575670000000059e+02 5.800000000000000000e+01
7.474139200000000471e+01 4.100000000000000000e+01
8.142565299999999695e+01 1.800000000000000000e+01
1.243814040000000034e+02 4.700000000000000000e+01
2.188617340000000127e+02 6.800000000000000000e+01
1.557431980000000067e+02 6.300000000000000000e+01
1.496945519999999874e+02 6.500000000000000000e+01
2.379914070000000095e+02 1.150000000000000000e+02
2.566698099999999982e+01 1.500000000000000000e+01
5.716643410000000358e+02 1.950000000000000000e+02
6.165859400000000079e+01 1.600000000000000000e+01
1.330586889999999869e+02 5.400000000000000000e+01
2.030793960000000027e+02 9.000000000000000000e+01
3.563976289999999949e+02 1.270000000000000000e+02
2.045100329999999929e+02 7.800000000000000000e+01
5.967405109999999695e+02 2.100000000000000000e+02
5.803035700000000219e+01 1.900000000000000000e+01
3.895789920000000279e+02 1.360000000000000000e+02
4.390401800000000065e+01 1.000000000000000000e+01
1.647706399999999860e+01 2.000000000000000000e+00
7.709510299999999461e+01 1.200000000000000000e+01
1.304484019999999873e+02 4.000000000000000000e+01
6.492686799999999891e+01 1.500000000000000000e+01
1.506763070000000084e+02 3.800000000000000000e+01
1.903837949999999921e+02 5.900000000000000000e+01
3.952237809999999740e+02 1.060000000000000000e+02
2.790432519999999954e+02 8.200000000000000000e+01
1.777599020000000110e+02 6.900000000000000000e+01
3.172886799999999994e+02 1.230000000000000000e+02
1.999600039999999979e+02 7.100000000000000000e+01
1.046760989999999936e+02 4.700000000000000000e+01
9.583588500000000465e+01 3.200000000000000000e+01
2.234623640000000080e+02 8.000000000000000000e+01
3.214005139999999869e+02 1.350000000000000000e+02
8.996645100000000639e+01 4.500000000000000000e+01
1.747515229999999917e+02 8.600000000000000000e+01
1.246798759999999930e+02 2.840000000000000000e+02
3.180636519999999905e+02 1.025000000000000000e+03
1.970719770000000040e+02 6.100000000000000000e+02
